255 255 255 255 255 255 255 255 255 255 255 255 255 255 255 255
255 112  64  64  64 207 112 255 207 207 207  64  64  64 112 255
255  64 239 191 191 191  48  48  64 207 191 191 191 239  64 255
255  64 191   0 191 191 143 143 255 112 191 191   0 191  64 255
255  64 191 191 143 191 191 191  48  48 191 143 191 191  64 255
255 207 191 191 191 239 239 239 239 239 239 191 191 191 207 255
255 112 191 191 191  48  64 207 207  64  48  96  48 239 112 255
255 255  48 191 191  48  16  16  16 159  48 239 191 239 255 255
255  64  96  96  48  96  16 207 191 191   0  48  48 191 207 255
255  64 191 191 191 239  64 255 239 239  48 239 191  48  64 255
255 207 191 191 191 239 159 159 191 191  96 239  48 191  64 255
255  64 191 191 143 191  64  64 239 239 239 239  48 191 207 255
255  64 191   0 191 191 191  96 207 255  64  64  48 239 207 255
255  64 239 191 191 191  48 239 159 207  64  64  48  96 207 255
255 112  64  64  64 207 207 207 112 112 255 255 207  64 112 255
255 255 255 255 255 255 255 255 255 255 255 255 255 255 255 255
255 255 255 255 255 255 255 255 255 255 255 255 255 255 255 255
255 112  64  64  64 207 112 255 207 207 207  64  64  64 112 255
255  64 239 191 191 191  48  48  64 207 191 191 191 239  64 255
255  64 191   0 191 191 143 143 255 112 191 191   0 191  64 255
255  64 191 191 143 191 191 191  48  48 191 143 191 191  64 255
255 207 191 191 191 239 239 239 239 239 239 191 191 191 207 255
255 112 191 191 191  48  64 207 207  64  48  96  48 239 112 255
255 255  48 191 191  48  16  16  16 159  48 239 191 239 255 255
255  64  96  96  48  96  16 207 191 191   0  48  48 191 207 255
255  64 191 191 191 239  64 255 239 239  48 239 191  48  64 255
255 207 191 191 191 239 159 159 191 191  96 239  48 191  64 255
255  64 191 191 143 191  64  64 239 239 239 239  48 191 207 255
255  64 191   0 191 191 191  96 207 255  64  64  48 239 207 255
255  64 239 191 191 191  48 239 159 207  64  64  48  96 207 255
255 112  64  64  64 207 207 207 112 112 255 255 207  64 112 255
255 255 255 255 255 255 255 255 255 255 255 255 255 255 255 255
255 255 255 255 255 255 255 255 255 255 255 255 255 255 255 255
255 112  64  64  64 207 112 255 207 207 207  64  64  64 112 255
255  64 239 191 191 191  48  48  64 207 191 191 191 239  64 255
255  64 191   0 191 191 143 143 255 112 191 191   0 191  64 255
255  64 191 191 143 191 191 191  48  48 191 143 191 191  64 255
255 207 191 191 191 239 239 239 239 239 239 191 191 191 207 255
255 112 191 191 191  48  64 207 207  64  48  96  48 239 112 255
255 255  48 191 191  48  16  16  16 159  48 239 191 239 255 255
255  64  96  96  48  96  16 207 191 191   0  48  48 191 207 255
255  64 191 191 191 239  64 255 239 239  48 239 191  48  64 255
255 207 191 191 191 239 159 159 191 191  96 239  48 191  64 255
255  64 191 191 143 191  64  64 239 239 239 239  48 191 207 255
255  64 191   0 191 191 191  96 207 255  64  64  48 239 207 255
255  64 239 191 191 191  48 239 159 207  64  64  48  96 207 255
255 112  64  64  64 207 207 207 112 112 255 255 207  64 112 255
255 255 255 255 255 255 255 255 255 255 255 255 255 255 255 255

255 255 255 255 255 255 255 255 255 255 255 255 255 255 255 255
255 112  64  64  64 207 112 255 207  64  64 207 207 207 112 255
255  64 239 191 191 191 239 239 191  48 191 191 239  96  64 255
255  64 191   0 191 191  48 191  48 191  48  48  48  48 207 255
255  64 191 191 143 191  96 239  48 239 239 239  64  64 255 255
255 207 191 191 191 239  48  48   0  48  96 239  64  64 255 255
255 207 207 112  48 239  64 159 191 239 191 239 255 207 112 255
255 207  64 255  48 239 207  16 191 239 191 239 207 159 112 255
255 255  48 143 191 239 207  16 207 255 159  64  96 239 207 255
255 112  48 143 191 239  64  16  16  64 159  64 191  48 207 255
255 207 191 191 191 239  48  48  96 239 239 191 191 191 207 255
255  64 191 191 143 191 191 191  48 191 191 143 191 191  64 255
255  64 191   0 191 191 191 191  96 191 191 191   0 191  64 255
255  64 239 191 191 191 191  48  96 191 191 191 191 239  64 255
255 112  64  64  64 207 112 255  64  64 207  64  64  64 112 255
255 255 255 255 255 255 255 255 255 255 255 255 255 255 255 255
255 255 255 255 255 255 255 255 255 255 255 255 255 255 255 255
255 112  64  64  64 207 112 255 207  64  64 207 207 207 112 255
255  64 239 191 191 191 239 239 191  48 191 191 239  96  64 255
255  64 191   0 191 191  48 191  48 191  48  48  48  48 207 255
255  64 191 191 143 191  96 239  48 239 239 239  64  64 255 255
255 207 191 191 191 239  48  48   0  48  96 239  64  64 255 255
255 207 207 112  48 239  64 159 191 239 191 239 255 207 112 255
255 207  64 255  48 239 207  16 191 239 191 239 207 159 112 255
255 255  48 143 191 239 207  16 207 255 159  64  96 239 207 255
255 112  48 143 191 239  64  16  16  64 159  64 191  48 207 255
255 207 191 191 191 239  48  48  96 239 239 191 191 191 207 255
255  64 191 191 143 191 191 191  48 191 191 143 191 191  64 255
255  64 191   0 191 191 191 191  96 191 191 191   0 191  64 255
255  64 239 191 191 191 191  48  96 191 191 191 191 239  64 255
255 112  64  64  64 207 112 255  64  64 207  64  64  64 112 255
255 255 255 255 255 255 255 255 255 255 255 255 255 255 255 255
255 255 255 255 255 255 255 255 255 255 255 255 255 255 255 255
255 112  64  64  64 207 112 255 207  64  64 207 207 207 112 255
255  64 239 191 191 191 239 239 191  48 191 191 239  96  64 255
255  64 191   0 191 191  48 191  48 191  48  48  48  48 207 255
255  64 191 191 143 191  96 239  48 239 239 239  64  64 255 255
255 207 191 191 191 239  48  48   0  48  96 239  64  64 255 255
255 207 207 112  48 239  64 159 191 239 191 239 255 207 112 255
255 207  64 255  48 239 207  16 191 239 191 239 207 159 112 255
255 255  48 143 191 239 207  16 207 255 159  64  96 239 207 255
255 112  48 143 191 239  64  16  16  64 159  64 191  48 207 255
255 207 191 191 191 239  48  48  96 239 239 191 191 191 207 255
255  64 191 191 143 191 191 191  48 191 191 143 191 191  64 255
255  64 191   0 191 191 191 191  96 191 191 191   0 191  64 255
255  64 239 191 191 191 191  48  96 191 191 191 191 239  64 255
255 112  64  64  64 207 112 255  64  64 207  64  64  64 112 255
255 255 255 255 255 255 255 255 255 255 255 255 255 255 255 255

255 254 254 254 255 255 254 254 254 254 254 254 254 254 254 255
254 171 118 220 239 239 164 179 224 193 160 121 116 115 163 254
254 189 108  60  91  87 171 107 153  56  97 195 153 207 115 254
254 188 184  67  94  68 156 142  87 157  98 191   4 153 116 254
254 215 190  53 222 127 197 223 110  94 176 167 191 194 121 254
254 114 197  74 127  72 118 179 141  73 116 184 149 205 167 254
254 110 111 177 173 112 207 180 176  60 150 191 147 171 115 254
254 176 152  87  43  85 156 182 150  62 118  93 104 121 151 254
254 205 187 153 154 108 125 131  89  33  47 180 190  98 244 255
254 173 208 126  85  76  67 157 179  80 114 183 132 125 146 254
254 219 132 176 128 144 129  89 145 131 115 176  98  97 160 254
254 121 194 191 167 176  78  98 186 168 112 167 191 194 121 254
254 116 154   4 191 116  88 172 123 134 176 191   4 153 116 254
254 115 207 153 194 196 198  93  65  47 132 195 153 207 115 254
254 163 115 116 121 167 201 213 238 161 219 121 116 115 163 254
255 254 254 254 254 254 254 254 255 254 254 254 254 254 254 255
255 254 254 254 255 255 254 254 254 254 254 254 254 254 254 255
254 171 118 220 239 239 164 179 224 193 160 121 116 115 163 254
254 189 108  60  91  87 171 107 153  56  97 195 153 207 115 254
254 188 184  67  94  68 156 142  87 157  98 191   4 153 116 254
254 215 190  53 222 127 197 223 110  94 176 167 191 194 121 254
254 114 197  74 127  72 118 179 141  73 116 184 149 205 167 254
254 110 111 177 173 112 207 180 176  60 150 191 147 171 115 254
254 176 152  87  43  85 156 182 150  62 118  93 104 121 151 254
254 205 187 153 154 108 125 131  89  33  47 180 190  98 244 255
254 173 208 126  85  76  67 157 179  80 114 183 132 125 146 254
254 219 132 176 128 144 129  89 145 131 115 176  98  97 160 254
254 121 194 191 167 176  78  98 186 168 112 167 191 194 121 254
254 116 154   4 191 116  88 172 123 134 176 191   4 153 116 254
254 115 207 153 194 196 198  93  65  47 132 195 153 207 115 254
254 163 115 116 121 167 201 213 238 161 219 121 116 115 163 254
255 254 254 254 254 254 254 254 255 254 254 254 254 254 254 255
255 254 254 254 255 255 254 254 254 254 254 254 254 254 254 255
254 171 118 220 239 239 164 179 224 193 160 121 116 115 163 254
254 189 108  60  91  87 171 107 153  56  97 195 153 207 115 254
254 188 184  67  94  68 156 142  87 157  98 191   4 153 116 254
254 215 190  53 222 127 197 223 110  94 176 167 191 194 121 254
254 114 197  74 127  72 118 179 141  73 116 184 149 205 167 254
254 110 111 177 173 112 207 180 176  60 150 191 147 171 115 254
254 176 152  87  43  85 156 182 150  62 118  93 104 121 151 254
254 205 187 153 154 108 125 131  89  33  47 180 190  98 244 255
254 173 208 126  85  76  67 157 179  80 114 183 132 125 146 254
254 219 132 176 128 144 129  89 145 131 115 176  98  97 160 254
254 121 194 191 167 176  78  98 186 168 112 167 191 194 121 254
254 116 154   4 191 116  88 172 123 134 176 191   4 153 116 254
254 115 207 153 194 196 198  93  65  47 132 195 153 207 115 254
254 163 115 116 121 167 201 213 238 161 219 121 116 115 163 254
255 254 254 254 254 254 254 254 255 254 254 254 254 254 254 255

255 255 254 254 254 255 254 254 255 254 255 254 254 254 255 255
255 164 116 116 122 168 116 151 244 147 160 122 116 116 164 255
254 116 208 153 195 206 172 122  98 125  97 195 153 208 116 254
254 116 153   5 191 150 147 104 190 133  98 191   5 153 116 254
254 122 195 192 168 184 191  94 180 183 177 168 192 195 122 254
255 160  97  98 177 117 150 118  48 115 115 113 176 133 219 255
255 193  57 158  94  74  60  63  34  81 132 169 135  48 162 255
255 225 154  88 111 141 176 151  89 180 146 186 124  66 239 255
255 179 108 143 224 179 181 183 131 158  90  99 173  93 213 255
255 165 172 156 197 118 208 157 126  67 129  78  89 198 201 255
255 239  87  69 128  72 112  86 108  76 144 177 116 196 168 255
255 239  91  95 222 128 174  44 155  85 129 168 191 195 122 254
255 220  61  67  54  74 177  88 153 126 176 191   5 153 116 254
254 119 109 184 190 198 112 152 187 208 133 195 154 208 116 254
255 172 189 189 215 115 111 176 206 173 219 122 116 116 164 255
255 255 255 255 255 254 254 255 255 255 255 254 254 254 255 255
255 255 254 254 254 255 254 254 255 254 255 254 254 254 255 255
255 164 116 116 122 168 116 151 244 147 160 122 116 116 164 255
254 116 208 153 195 206 172 122  98 125  97 195 153 208 116 254
254 116 153   5 191 150 147 104 190 133  98 191   5 153 116 254
254 122 195 192 168 184 191  94 180 183 177 168 192 195 122 254
255 160  97  98 177 117 150 118  48 115 115 113 176 133 219 255
255 193  57 158  94  74  60  63  34  81 132 169 135  48 162 255
255 225 154  88 111 141 176 151  89 180 146 186 124  66 239 255
255 179 108 143 224 179 181 183 131 158  90  99 173  93 213 255
255 165 172 156 197 118 208 157 126  67 129  78  89 198 201 255
255 239  87  69 128  72 112  86 108  76 144 177 116 196 168 255
255 239  91  95 222 128 174  44 155  85 129 168 191 195 122 254
255 220  61  67  54  74 177  88 153 126 176 191   5 153 116 254
254 119 109 184 190 198 112 152 187 208 133 195 154 208 116 254
255 172 189 189 215 115 111 176 206 173 219 122 116 116 164 255
255 255 255 255 255 254 254 255 255 255 255 254 254 254 255 255
255 255 254 254 254 255 254 254 255 254 255 254 254 254 255 255
255 164 116 116 122 168 116 151 244 147 160 122 116 116 164 255
254 116 208 153 195 206 172 122  98 125  97 195 153 208 116 254
254 116 153   5 191 150 147 104 190 133  98 191   5 153 116 254
254 122 195 192 168 184 191  94 180 183 177 168 192 195 122 254
255 160  97  98 177 117 150 118  48 115 115 113 176 133 219 255
255 193  57 158  94  74  60  63  34  81 132 169 135  48 162 255
255 225 154  88 111 141 176 151  89 180 146 186 124  66 239 255
255 179 108 143 224 179 181 183 131 158  90  99 173  93 213 255
255 165 172 156 197 118 208 157 126  67 129  78  89 198 201 255
255 239  87  69 128  72 112  86 108  76 144 177 116 196 168 255
255 239  91  95 222 128 174  44 155  85 129 168 191 195 122 254
255 220  61  67  54  74 177  88 153 126 176 191   5 153 116 254
254 119 109 184 190 198 112 152 187 208 133 195 154 208 116 254
255 172 189 189 215 115 111 176 206 173 219 122 116 116 164 255
255 255 255 255 255 254 254 255 255 255 255 254 254 254 255 255
